00000
00005
00010
00015
00020
00025
00030
00035
00040
00045
00050
00055
00060
00065
00070
00075
00080
00085
00090
00095
00100
00105
00110
00115
00120
00125
00130
00135
00140
00145
00150
00155
00160
00165
00170
00175
00180
00185
00190
00195
00200
00205
00210
00215
00220
00225
00230
00235
00240
00245
00250
00255
00260
00265
00270
00275
00280
00285
00290
00295
00300
00305
00310
00315
00320
00325
00330
00335
00340
00345
00350
00355
00360
00365
00370
00375
00380
00385
00390
00395
00400
00405
00410
00415
00420
00425
00430
00435
00440
00445
00450
00455
00460
00465
00470
00475
00480
00485
00490
00495
00500
00505
00510
00515
00520
00525
00530
00535
00540
00545
00550
00555
00560
00565
00570
00575
00580
00585
00590
00595
00600
00605
00610
00615
00620
00625
00630
00635
00640
00645
00650
00655
00660
00665
00670
00675
00680
00685
00690
00695
00700
00705
00710
00715
00720
00725
00730
00735
00740
00745
00750
00755
00760
00765
00770
00775
00780
00785
00790
00795
00800
00805
00810
00815
00820
00825
00830
00835
00840
00845
00850
00855
00860
00865
00870
00875
00880
00885
00890
00895
00900
00905
00910
00915
00920
00925
00930
00935
00940
00945
00950
00955
00960
00965
00970
00975
00980
00985
00990
00995
01000
01005
01010
01015
01020
01025
01030
01035
01040
01045
01050
01055
01060
01065
01070
01075
01080
01085
01090
01095
01100
01105
01110
01115
01120
01125
01130
01135
01140
01145
01150
01155
01160
01165
01170
01175
01180
01185
01190
01195
01200
01205
01210
01215
01220
01225
01230
01235
01240
01245
01250
01255
01260
01265
01270
01275
01280
01285
01290
01295
01300
01305
01310
01315
01320
01325
01330
01335
01340
01345
01350
01355
01360
01365
01370
01375
01380
01385
01390
01395
01400
01405
01410
01415
01420
01425
01430
01435
01440
01445
01450
01455
01460
01465
01470
01475
01480
01485
01490
01495
01500
01505
01510
01515
01520
01525
01530
01535
01540
01545
01550
01555
01560
01565
01570
01575
01580
01585
01590
01595
01600
01605
01610
01615
01620
01625
01630
01635
01640
01645
01650
01655
01660
01665
01670
01675
01680
01685
01690
01695
01700
01705
01710
01715
01720
01725
01730
01735
01740
01745
01750
01755
01760
01765
01770
01775
01780
01785
01790
01795
01800
01805
01810
01815
01820
01825
01830
01835
01840
01845
01850
01855
01860
01865
01870
01875
01880
01885
01890
01895
01900
01905
01910
01915
01920
01925
01930
01935
01940
01945
01950
01955
01960
01965
01970
01975
01980
01985
01990
01995
02000
02005
02010
02015
02020
02025
02030
02035
02040
02045
02050
02055
02060
02065
02070
02075
02080
02085
02090
02095
02100
02105
02110
02115
02120
02125
02130
02135
02140
02145
02150
02155
02160
02165
02170
02175
02180
02185
02190
02195
02200
02205
02210
02215
02220
02225
02230
02235
02240
02245
02250
02255
02260
02265
02270
02275
02280
02285
02290
02295
02300
02305
02310
02315
02320
02325
02330
02335
02340
02345
02350
02355
02360
02365
02370
02375
02380
02385
02390
02395
02400
02405
02410
02415
02420
02425
02430
02435
02440
02445
02450
02455
02460
02465
02470
02475
02480
02485
02490
02495
02500
02505
02510
02515
02520
02525
02530
02535
02540
02545
02550
02555
02560
02565
02570
02575
02580
02585
02590
02595
02600
02605
02610
02615
02620
02625
02630
02635
02640
02645
02650
02655
02660
02665
02670
02675
02680
02685
02690
02695
02700
02705
02710
02715
02720
02725
02730
02735
02740
02745
02750
02755
02760
02765
02770
02775
02780
02785
02790
02795
02800
02805
02810
02815
02820
02825
02830
02835
02840
02845
02850
02855
02860
02865
02870
02875
02880
02885
02890
02895
02900
02905
02910
02915
02920
02925
02930
02935
02940
02945
02950
02955
02960
02965
02970
02975
02980
02985
02990
02995
03000
03005
03010
03015
03020
03025
03030
03035
03040
03045
03050
03055
03060
03065
03070
03075
03080
03085
03090
03095
03100
03105
03110
03115
03120
03125
03130
03135
03140
03145
03150
03155
03160
03165
03170
03175
03180
03185
03190
03195
03200
03205
03210
03215
03220
03225
03230
03235
03240
03245
03250
03255
03260
03265
03270
03275
03280
03285
03290
03295
03300
03305
03310
03315
03320
03325
03330
03335
03340
03345
03350
03355
03360
03365
03370
03375
03380
03385
03390
03395
03400
03405
03410
03415
03420
03425
03430
03435
03440
03445
03450
03455
03460
03465
03470
03475
03480
03485
03490
03495
03500
03505
03510
03515
03520
03525
03530
03535
03540
03545
03550
03555
03560
03565
03570
03575
03580
03585
03590
03595
03600
03605
03610
03615
03620
03625
03630
03635
03640
03645
03650
03655
03660
03665
03670
03675
03680
03685
03690
03695
03700
03705
03710
03715
03720
03725
03730
03735
03740
03745
03750
03755
03760
03765
03770
03775
03780
03785
03790
03795
03800
03805
03810
03815
03820
03825
03830
03835
03840
03845
03850
03855
03860
03865
03870
03875
03880
03885
03890
03895
03900
03905
03910
03915
03920
03925
03930
03935
03940
03945
03950
03955
03960
03965
03970
03975
03980
03985
03990
03995
04000
04005
04010
04015
04020
04025
04030
04035
04040
04045
04050
04055
04060
04065
04070
04075
04080
04085
04090
04095
04100
04105
04110
04115
04120
04125
04130
04135
04140
04145
04150
04155
04160
04165
04170
04175
04180
04185
04190
04195
04200
04205
04210
04215
04220
04225
04230
04235
04240
04245
04250
04255
04260
04265
04270
04275
04280
04285
04290
04295
04300
04305
04310
04315
04320
04325
04330
04335
04340
04345
04350
04355
04360
04365
04370
04375
04380
04385
04390
04395
04400
04405
04410
04415
04420
04425
04430
04435
04440
04445
04450
04455
04460
04465
04470
04475
04480
04485
04490
04495
04500
04505
04510
04515
04520
04525
04530
04535
04540
04545
04550
04555
04560
04565
04570
04575
04580
04585
04590
04595
04600
04605
04610
04615
04620
04625
04630
04635
04640
04645
04650
04655
04660
04665
04670
04675
04680
04685
04690
04695
04700
04705
04710
04715
04720
04725
04730
04735
04740
04745
04750
04755
04760
04765
04770
04775
04780
04785
04790
04795
04800
04805
04810
04815
04820
04825
04830
04835
04840
04845
04850
04855
04860
04865
04870
04875
04880
04885
04890
04895
04900
04905
04910
04915
04920
04925
04930
04935
04940
04945
04950
04955
04960
04965
04970
04975
04980
04985
04990
04995
05000
05005
05010
05015
05020
05025
05030
05035
05040
05045
05050
05055
05060
05065
05070
05075
05080
05085
05090
05095
05100
05105
05110
05115
05120
05125
05130
05135
05140
05145
05150
05155
05160
05165
05170
05175
05180
05185
05190
05195
05200
05205
05210
05215
05220
05225
05230
05235
05240
05245
05250
05255
05260
05265
05270
05275
05280
05285
05290
05295
05300
05305
05310
05315
05320
05325
05330
05335
05340
05345
05350
05355
05360
05365
05370
05375
05380
05385
05390
05395
05400
05405
05410
05415
05420
05425
05430
05435
05440
05445
05450
05455
05460
05465
05470
05475
05480
05485
05490
05495
05500
05505
05510
05515
05520
05525
05530
05535
05540
05545
05550
05555
05560
05565
05570
05575
05580
05585
05590
05595
05600
05605
05610
05615
05620
05625
05630
05635
05640
05645
05650
05655
05660
05665
05670
05675
05680
05685
05690
05695
05700
05705
05710
05715
05720
05725
05730
05735
05740
05745
05750
05755
05760
05765
05770
05775
05780
05785
05790
05795
05800
05805
05810
05815
05820
05825
05830
05835
05840
05845
05850
05855
05860
05865
05870
05875
05880
05885
05890
05895
05900
05905
05910
05915
05920
05925
05930
05935
05940
05945
05950
05955
05960
05965
05970
05975
05980
05985
05990
05995
06000
06005
06010
06015
06020
06025
06030
06035
06040
06045
06050
06055
06060
06065
06070
06075
06080
06085
06090
06095
06100
06105
06110
06115
06120
06125
06130
06135
06140
06145
06150
06155
06160
06165
06170
06175
06180
06185
06190
06195
06200
06205
06210
06215
06220
06225
06230
06235
06240
06245
06250
06255
06260
06265
06270
06275
06280
06285
06290
06295
06300
06305
06310
06315
06320
06325
06330
06335
06340
06345
06350
06355
06360
06365
06370
06375
06380
06385
06390
06395
06400
06405
06410
06415
06420
06425
06430
06435
06440
06445
06450
06455
06460
06465
06470
06475
06480
06485
06490
06495
06500
06505
06510
06515
06520
06525
06530
06535
06540
06545
06550
06555
06560
06565
06570
06575
06580
06585
06590
06595
06600
06605
06610
06615
06620
06625
06630
06635
06640
06645
06650
06655
06660
06665
06670
06675
06680
06685
06690
06695
06700
06705
06710
06715
06720
06725
06730
06735
06740
06745
06750
06755
06760
06765
06770
06775
06780
06785
06790
06795
06800
06805
06810
06815
06820
06825
06830
06835
06840
06845
06850
06855
06860
06865
06870
06875
06880
06885
06890
06895
06900
06905
06910
06915
06920
06925
06930
06935
06940
06945
06950
06955
06960
06965
06970
06975
06980
06985
06990
06995
07000
07005
07010
07015
07020
07025
07030
07035
07040
07045
07050
07055
07060
07065
07070
07075
07080
07085
07090
07095
07100
07105
07110
07115
07120
07125
07130
07135
07140
07145
07150
07155
07160
07165
07170
07175
07180
07185
07190
07195
07200
07205
07210
07215
07220
07225
07230
07235
07240
07245
07250
07255
07260
07265
07270
07275
07280
07285
07290
07295
07300
07305
07310
07315
07320
07325
07330
07335
07340
07345
07350
07355
07360
07365
07370
07375
07380
07385
07390
07395
07400
07405
07410
07415
07420
07425
07430
07435
07440
07445
07450
07455
07460
07465
07470
07475
07480
07485
07490
07495
07500
07505
07510
07515
07520
07525
07530
07535
07540
07545
07550
07555
07560
07565
07570
07575
07580
07585
07590
07595
07600
07605
07610
07615
07620
07625
07630
07635
07640
07645
07650
07655
07660
07665
07670
07675
07680
07685
07690
07695
07700
07705
07710
07715
07720
07725
07730
07735
07740
07745
07750
07755
07760
07765
07770
07775
07780
07785
07790
07795
07800
07805
07810
07815
07820
07825
07830
07835
07840
07845
07850
07855
07860
07865
07870
07875
07880
07885
07890
07895
07900
07905
07910
07915
07920
07925
07930
07935
07940
07945
07950
07955
07960
07965
07970
07975
07980
07985
07990
07995
08000
08005
08010
08015
08020
08025
08030
08035
08040
08045
08050
08055
08060
08065
08070
08075
08080
08085
08090
08095
08100
08105
08110
08115
08120
08125
08130
08135
08140
08145
08150
08155
08160
08165
08170
08175
08180
08185
08190
08195
08200
08205
08210
08215
08220
08225
08230
08235
08240
08245
08250
08255
08260
08265
08270
08275
08280
08285
08290
08295
08300
08305
08310
08315
08320
08325
08330
08335
08340
08345
08350
08355
08360
08365
08370
08375
08380
08385
08390
08395
08400
08405
08410
08415
08420
08425
08430
08435
08440
08445
08450
08455
08460
08465
08470
08475
08480
08485
08490
08495
08500
08505
08510
08515
08520
08525
08530
08535
08540
08545
08550
08555
08560
08565
08570
08575
08580
08585
08590
08595
08600
08605
08610
08615
08620
08625
08630
08635
08640
08645
08650
08655
08660
08665
08670
08675
08680
08685
08690
08695
08700
08705
08710
08715
08720
08725
08730
08735
08740
08745
08750
08755
08760
08765
08770
08775
08780
08785
08790
08795
08800
08805
08810
08815
08820
08825
08830
08835
08840
08845
08850
08855
08860
08865
08870
08875
08880
08885
08890
08895
08900
08905
08910
08915
08920
08925
08930
08935
08940
08945
08950
08955
08960
08965
08970
08975
08980
08985
08990
08995
09000
09005
09010
09015
09020
09025
09030
09035
09040
09045
09050
09055
09060
09065
09070
09075
09080
09085
09090
09095
09100
09105
09110
09115
09120
09125
09130
09135
09140
09145
09150
09155
09160
09165
09170
09175
09180
09185
09190
09195
09200
09205
09210
09215
09220
09225
09230
09235
09240
09245
09250
09255
09260
09265
09270
09275
09280
09285
09290
09295
09300
09305
09310
09315
09320
09325
09330
09335
09340
09345
09350
09355
09360
09365
09370
09375
09380
09385
09390
09395
09400
09405
09410
09415
09420
09425
09430
09435
09440
09445
09450
09455
09460
09465
09470
09475
09480
09485
09490
09495
09500
09505
09510
09515
09520
09525
09530
09535
09540
09545
09550
09555
09560
09565
09570
09575
09580
09585
09590
09595
09600
09605
09610
09615
09620
09625
09630
09635
09640
09645
09650
09655
09660
09665
09670
09675
09680
09685
09690
09695
09700
09705
09710
09715
09720
09725
09730
09735
09740
09745
09750
09755
09760
09765
09770
09775
09780
09785
09790
09795
09800
09805
09810
09815
09820
09825
09830
09835
09840
09845
09850
09855
09860
09865
09870
09875
09880
09885
09890
09895
09900
09905
09910
09915
09920
09925
09930
09935
09940
09945
09950
09955
09960
09965
09970
09975
09980
09985
09990
09995
10000
10005
10010
10015
10020
10025
10030
10035
10040
10045
10050
10055
10060
10065
10070
10075
10080
10085
10090
10095
10100
10105
10110
10115
10120
10125
10130
10135
10140
10145
10150
10155
10160
10165
10170
10175
10180
10185
10190
10195
10200
10205
10210
10215
10220
10225
10230
10235
10240
10245
10250
10255
10260
10265
10270
10275
10280
10285
10290
10295
10300
10305
10310
10315
10320
10325
10330
10335
10340
10345
10350
10355
10360
10365
10370
10375
10380
10385
10390
10395
10400
10405
10410
10415
10420
10425
10430
10435
10440
10445
10450
10455
10460
10465
10470
10475
10480
10485
10490
10495
10500
10505
10510
10515
10520
10525
10530
10535
10540
10545
10550
10555
10560
10565
10570
10575
10580
10585
10590
10595
10600
10605
10610
10615
10620
10625
10630
10635
10640
10645
10650
10655
10660
10665
10670
10675
10680
10685
10690
10695
10700
10705
10710
10715
10720
10725
10730
10735
10740
10745
10750
10755
10760
10765
10770
10775
10780
10785
10790
10795
10800
10805
10810
10815
10820
10825
10830
10835
10840
10845
10850
10855
10860
10865
10870
10875
10880
10885
10890
10895
10900
10905
10910
10915
10920
10925
10930
10935
10940
10945
10950
10955
10960
10965
10970
10975
10980
10985
10990
10995
11000
11005
11010
11015
11020
11025
11030
11035
11040
11045
11050
11055
11060
11065
11070
11075
11080
11085
11090
11095
11100
11105
11110
11115
11120
11125
11130
11135
11140
11145
11150
11155
11160
11165
11170
11175
11180
11185
11190
11195
11200
11205
11210
11215
11220
11225
11230
11235
11240
11245
11250
11255
11260
11265
11270
11275
11280
11285
11290
11295
11300
11305
11310
11315
11320
11325
11330
11335
11340
11345
11350
11355
11360
11365
11370
11375
11380
11385
11390
11395
11400
11405
11410
11415
11420
11425
11430
11435
11440
11445
11450
11455
11460
11465
11470
11475
11480
11485
11490
11495
11500
11505
11510
11515
11520
11525
11530
11535
11540
11545
11550
11555
11560
11565
11570
11575
11580
11585
11590
11595
11600
11605
11610
11615
11620
11625
11630
11635
11640
11645
11650
11655
11660
11665
11670
11675
11680
11685
11690
11695
11700
11705
11710
11715
11720
11725
11730
11735
11740
11745
11750
11755
11760
11765
11770
11775
11780
11785
11790
11795
11800
11805
11810
11815
11820
11825
11830
11835
11840
11845
11850
11855
11860
11865
11870
11875
11880
11885
11890
11895
11900
11905
11910
11915
11920
11925
11930
11935
11940
11945
11950
11955
11960
11965
11970
11975
11980
11985
11990
11995
