00000
00010
00020
00030
00040
00050
00060
00070
00080
00090
00100
00110
00120
00130
00140
00150
00160
00170
00180
00190
00200
00210
00220
00230
00240
00250
00260
00270
00280
00290
00300
00310
00320
00330
00340
00350
00360
00370
00380
00390
00400
00410
00420
00430
00440
00450
00460
00470
00480
00490
00500
00510
00520
00530
00540
00550
00560
00570
00580
00590
00600
00610
00620
00630
00640
00650
00660
00670
00680
00690
00700
00710
00720
00730
00740
00750
00760
00770
00780
00790
00800
00810
00820
00830
00840
00850
00860
00870
00880
00890
00900
00910
00920
00930
00940
00950
00960
00970
00980
00990
01000
01010
01020
01030
01040
01050
01060
01070
01080
01090
01100
01110
01120
01130
01140
01150
01160
01170
01180
01190
01200
01210
01220
01230
01240
01250
01260
01270
01280
01290
01300
01310
01320
01330
01340
01350
01360
01370
01380
01390
01400
01410
01420
01430
01440
01450
01460
01470
01480
01490
01500
01510
01520
01530
01540
01550
01560
01570
01580
01590
01600
01610
01620
01630
01640
01650
01660
01670
01680
01690
01700
01710
01720
01730
01740
01750
01760
01770
01780
01790
01800
01810
01820
01830
01840
01850
01860
01870
01880
01890
01900
01910
01920
01930
01940
01950
01960
01970
01980
01990
02000
02010
02020
02030
02040
02050
02060
02070
02080
02090
02100
02110
02120
02130
02140
02150
02160
02170
02180
02190
02200
02210
02220
02230
02240
02250
02260
02270
02280
02290
02300
02310
02320
02330
02340
02350
02360
02370
02380
02390
02400
02410
02420
02430
02440
02450
02460
02470
02480
02490
02500
02510
02520
02530
02540
02550
02560
02570
02580
02590
02600
02610
02620
02630
02640
02650
02660
02670
02680
02690
02700
02710
02720
02730
02740
02750
02760
02770
02780
02790
02800
02810
02820
02830
02840
02850
02860
02870
02880
02890
02900
02910
02920
02930
02940
02950
02960
02970
02980
02990
03000
03010
03020
03030
03040
03050
03060
03070
03080
03090
03100
03110
03120
03130
03140
03150
03160
03170
03180
03190
03200
03210
03220
03230
03240
03250
03260
03270
03280
03290
03300
03310
03320
03330
03340
03350
03360
03370
03380
03390
03400
03410
03420
03430
03440
03450
03460
03470
03480
03490
03500
03510
03520
03530
03540
03550
03560
03570
03580
03590
03600
03610
03620
03630
03640
03650
03660
03670
03680
03690
03700
03710
03720
03730
03740
03750
03760
03770
03780
03790
03800
03810
03820
03830
03840
03850
03860
03870
03880
03890
03900
03910
03920
03930
03940
03950
03960
03970
03980
03990
04000
04010
04020
04030
04040
04050
04060
04070
04080
04090
04100
04110
04120
04130
04140
04150
04160
04170
04180
04190
04200
04210
04220
04230
04240
04250
04260
04270
04280
04290
04300
04310
04320
04330
04340
04350
04360
04370
04380
04390
04400
04410
04420
04430
04440
04450
04460
04470
04480
04490
04500
04510
04520
04530
04540
04550
04560
04570
04580
04590
04600
04610
04620
04630
04640
04650
04660
04670
04680
04690
04700
04710
04720
04730
04740
04750
04760
04770
04780
04790
04800
04810
04820
04830
04840
04850
04860
04870
04880
04890
04900
04910
04920
04930
04940
04950
04960
04970
04980
04990
05000
05010
05020
05030
05040
05050
05060
05070
05080
05090
05100
05110
05120
05130
05140
05150
05160
05170
05180
05190
05200
05210
05220
05230
05240
05250
05260
05270
05280
05290
05300
05310
05320
05330
05340
05350
05360
05370
05380
05390
05400
05410
05420
05430
05440
05450
05460
05470
05480
05490
05500
05510
05520
05530
05540
05550
05560
05570
05580
05590
05600
05610
05620
05630
05640
05650
05660
05670
05680
05690
05700
05710
05720
05730
05740
05750
05760
05770
05780
05790
05800
05810
05820
05830
05840
05850
05860
05870
05880
05890
05900
05910
05920
05930
05940
05950
05960
05970
05980
05990
06000
06010
06020
06030
06040
06050
06060
06070
06080
06090
06100
06110
06120
06130
06140
06150
06160
06170
06180
06190
06200
06210
06220
06230
06240
06250
06260
06270
06280
06290
06300
06310
06320
06330
06340
06350
06360
06370
06380
06390
06400
06410
06420
06430
06440
06450
06460
06470
06480
06490
06500
06510
06520
06530
06540
06550
06560
06570
06580
06590
06600
06610
06620
06630
06640
06650
06660
06670
06680
06690
06700
06710
06720
06730
06740
06750
06760
06770
06780
06790
06800
06810
06820
06830
06840
06850
06860
06870
06880
06890
06900
06910
06920
06930
06940
06950
06960
06970
06980
06990
07000
07010
07020
07030
07040
07050
07060
07070
07080
07090
07100
07110
07120
07130
07140
07150
07160
07170
07180
07190
07200
07210
07220
07230
07240
07250
07260
07270
07280
07290
07300
07310
07320
07330
07340
07350
07360
07370
07380
07390
07400
07410
07420
07430
07440
07450
07460
07470
07480
07490
07500
07510
07520
07530
07540
07550
07560
07570
07580
07590
07600
07610
07620
07630
07640
07650
07660
07670
07680
07690
07700
07710
07720
07730
07740
07750
07760
07770
07780
07790
07800
07810
07820
07830
07840
07850
07860
07870
07880
07890
07900
07910
07920
07930
07940
07950
07960
07970
07980
07990
08000
08010
08020
08030
08040
08050
08060
08070
08080
08090
08100
08110
08120
08130
08140
08150
08160
08170
08180
08190
08200
08210
08220
08230
08240
08250
08260
08270
08280
08290
08300
08310
08320
08330
08340
08350
08360
08370
08380
08390
08400
08410
08420
08430
08440
08450
08460
08470
08480
08490
08500
08510
08520
08530
08540
08550
08560
08570
08580
08590
08600
08610
08620
08630
08640
08650
08660
08670
08680
08690
08700
08710
08720
08730
08740
08750
08760
08770
08780
08790
08800
08810
08820
08830
08840
08850
08860
08870
08880
08890
08900
08910
08920
08930
08940
08950
08960
08970
08980
08990
09000
09010
09020
09030
09040
09050
09060
09070
09080
09090
09100
09110
09120
09130
09140
09150
09160
09170
09180
09190
09200
09210
09220
09230
09240
09250
09260
09270
09280
09290
09300
09310
09320
09330
09340
09350
09360
09370
09380
09390
09400
09410
09420
09430
09440
09450
09460
09470
09480
09490
09500
09510
09520
09530
09540
09550
09560
09570
09580
09590
09600
09610
09620
09630
09640
09650
09660
09670
09680
09690
09700
09710
09720
09730
09740
09750
09760
09770
09780
09790
09800
09810
09820
09830
09840
09850
09860
09870
09880
09890
09900
09910
09920
09930
09940
09950
09960
09970
09980
09990
10000
10010
10020
10030
10040
10050
10060
10070
10080
10090
10100
10110
10120
10130
10140
10150
10160
10170
10180
10190
10200
10210
10220
10230
10240
10250
10260
10270
10280
10290
10300
10310
10320
10330
10340
10350
10360
10370
10380
10390
10400
10410
10420
10430
10440
10450
10460
10470
10480
10490
10500
10510
10520
10530
10540
10550
10560
10570
10580
10590
10600
10610
10620
10630
10640
10650
10660
10670
10680
10690
10700
10710
10720
10730
10740
10750
10760
10770
10780
10790
10800
10810
10820
10830
10840
10850
10860
10870
10880
10890
10900
10910
10920
10930
10940
10950
10960
10970
10980
10990
11000
11010
11020
11030
11040
11050
11060
11070
11080
11090
11100
11110
11120
11130
11140
11150
11160
11170
11180
11190
11200
11210
11220
11230
11240
11250
11260
11270
11280
11290
11300
11310
11320
11330
11340
11350
11360
11370
11380
11390
11400
11410
11420
11430
11440
11450
11460
11470
11480
11490
11500
11510
11520
11530
11540
11550
11560
11570
11580
11590
11600
11610
11620
11630
11640
11650
11660
11670
11680
11690
11700
11710
11720
11730
11740
11750
11760
11770
11780
11790
11800
11810
11820
11830
11840
11850
11860
11870
11880
11890
11900
11910
11920
11930
11940
11950
11960
11970
11980
11990
