00000
00002
00004
00006
00008
00010
00012
00014
00016
00018
00020
00022
00024
00026
00028
00030
00032
00034
00036
00038
00040
00042
00044
00046
00048
00050
00052
00054
00056
00058
00060
00062
00064
00066
00068
00070
00072
00074
00076
00078
00080
00082
00084
00086
00088
00090
00092
00094
00096
00098
00100
00102
00104
00106
00108
00110
00112
00114
00116
00118
00120
00122
00124
00126
00128
00130
00132
00134
00136
00138
00140
00142
00144
00146
00148
00150
00152
00154
00156
00158
00160
00162
00164
00166
00168
00170
00172
00174
00176
00178
00180
00182
00184
00186
00188
00190
00192
00194
00196
00198
00200
00202
00204
00206
00208
00210
00212
00214
00216
00218
00220
00222
00224
00226
00228
00230
00232
00234
00236
00238
00240
00242
00244
00246
00248
00250
00252
00254
00256
00258
00260
00262
00264
00266
00268
00270
00272
00274
00276
00278
00280
00282
00284
00286
00288
00290
00292
00294
00296
00298
00300
00302
00304
00306
00308
00310
00312
00314
00316
00318
00320
00322
00324
00326
00328
00330
00332
00334
00336
00338
00340
00342
00344
00346
00348
00350
00352
00354
00356
00358
00360
00362
00364
00366
00368
00370
00372
00374
00376
00378
00380
00382
00384
00386
00388
00390
00392
00394
00396
00398
00400
00402
00404
00406
00408
00410
00412
00414
00416
00418
00420
00422
00424
00426
00428
00430
00432
00434
00436
00438
00440
00442
00444
00446
00448
00450
00452
00454
00456
00458
00460
00462
00464
00466
00468
00470
00472
00474
00476
00478
00480
00482
00484
00486
00488
00490
00492
00494
00496
00498
00500
00502
00504
00506
00508
00510
00512
00514
00516
00518
00520
00522
00524
00526
00528
00530
00532
00534
00536
00538
00540
00542
00544
00546
00548
00550
00552
00554
00556
00558
00560
00562
00564
00566
00568
00570
00572
00574
00576
00578
00580
00582
00584
00586
00588
00590
00592
00594
00596
00598
00600
00602
00604
00606
00608
00610
00612
00614
00616
00618
00620
00622
00624
00626
00628
00630
00632
00634
00636
00638
00640
00642
00644
00646
00648
00650
00652
00654
00656
00658
00660
00662
00664
00666
00668
00670
00672
00674
00676
00678
00680
00682
00684
00686
00688
00690
00692
00694
00696
00698
00700
00702
00704
00706
00708
00710
00712
00714
00716
00718
00720
00722
00724
00726
00728
00730
00732
00734
00736
00738
00740
00742
00744
00746
00748
00750
00752
00754
00756
00758
00760
00762
00764
00766
00768
00770
00772
00774
00776
00778
00780
00782
00784
00786
00788
00790
00792
00794
00796
00798
00800
00802
00804
00806
00808
00810
00812
00814
00816
00818
00820
00822
00824
00826
00828
00830
00832
00834
00836
00838
00840
00842
00844
00846
00848
00850
00852
00854
00856
00858
00860
00862
00864
00866
00868
00870
00872
00874
00876
00878
00880
00882
00884
00886
00888
00890
00892
00894
00896
00898
00900
00902
00904
00906
00908
00910
00912
00914
00916
00918
00920
00922
00924
00926
00928
00930
00932
00934
00936
00938
00940
00942
00944
00946
00948
00950
00952
00954
00956
00958
00960
00962
00964
00966
00968
00970
00972
00974
00976
00978
00980
00982
00984
00986
00988
00990
00992
00994
00996
00998
01000
01002
01004
01006
01008
01010
01012
01014
01016
01018
01020
01022
01024
01026
01028
01030
01032
01034
01036
01038
01040
01042
01044
01046
01048
01050
01052
01054
01056
01058
01060
01062
01064
01066
01068
01070
01072
01074
01076
01078
01080
01082
01084
01086
01088
01090
01092
01094
01096
01098
01100
01102
01104
01106
01108
01110
01112
01114
01116
01118
01120
01122
01124
01126
01128
01130
01132
01134
01136
01138
01140
01142
01144
01146
01148
01150
01152
01154
01156
01158
01160
01162
01164
01166
01168
01170
01172
01174
01176
01178
01180
01182
01184
01186
01188
01190
01192
01194
01196
01198
01200
01202
01204
01206
01208
01210
01212
01214
01216
01218
01220
01222
01224
01226
01228
01230
01232
01234
01236
01238
01240
01242
01244
01246
01248
01250
01252
01254
01256
01258
01260
01262
01264
01266
01268
01270
01272
01274
01276
01278
01280
01282
01284
01286
01288
01290
01292
01294
01296
01298
01300
01302
01304
01306
01308
01310
01312
01314
01316
01318
01320
01322
01324
01326
01328
01330
01332
01334
01336
01338
01340
01342
01344
01346
01348
01350
01352
01354
01356
01358
01360
01362
01364
01366
01368
01370
01372
01374
01376
01378
01380
01382
01384
01386
01388
01390
01392
01394
01396
01398
01400
01402
01404
01406
01408
01410
01412
01414
01416
01418
01420
01422
01424
01426
01428
01430
01432
01434
01436
01438
01440
01442
01444
01446
01448
01450
01452
01454
01456
01458
01460
01462
01464
01466
01468
01470
01472
01474
01476
01478
01480
01482
01484
01486
01488
01490
01492
01494
01496
01498
01500
01502
01504
01506
01508
01510
01512
01514
01516
01518
01520
01522
01524
01526
01528
01530
01532
01534
01536
01538
01540
01542
01544
01546
01548
01550
01552
01554
01556
01558
01560
01562
01564
01566
01568
01570
01572
01574
01576
01578
01580
01582
01584
01586
01588
01590
01592
01594
01596
01598
01600
01602
01604
01606
01608
01610
01612
01614
01616
01618
01620
01622
01624
01626
01628
01630
01632
01634
01636
01638
01640
01642
01644
01646
01648
01650
01652
01654
01656
01658
01660
01662
01664
01666
01668
01670
01672
01674
01676
01678
01680
01682
01684
01686
01688
01690
01692
01694
01696
01698
01700
01702
01704
01706
01708
01710
01712
01714
01716
01718
01720
01722
01724
01726
01728
01730
01732
01734
01736
01738
01740
01742
01744
01746
01748
01750
01752
01754
01756
01758
01760
01762
01764
01766
01768
01770
01772
01774
01776
01778
01780
01782
01784
01786
01788
01790
01792
01794
01796
01798
01800
01802
01804
01806
01808
01810
01812
01814
01816
01818
01820
01822
01824
01826
01828
01830
01832
01834
01836
01838
01840
01842
01844
01846
01848
01850
01852
01854
01856
01858
01860
01862
01864
01866
01868
01870
01872
01874
01876
01878
01880
01882
01884
01886
01888
01890
01892
01894
01896
01898
01900
01902
01904
01906
01908
01910
01912
01914
01916
01918
01920
01922
01924
01926
01928
01930
01932
01934
01936
01938
01940
01942
01944
01946
01948
01950
01952
01954
01956
01958
01960
01962
01964
01966
01968
01970
01972
01974
01976
01978
01980
01982
01984
01986
01988
01990
01992
01994
01996
01998
02000
02002
02004
02006
02008
02010
02012
02014
02016
02018
02020
02022
02024
02026
02028
02030
02032
02034
02036
02038
02040
02042
02044
02046
02048
02050
02052
02054
02056
02058
02060
02062
02064
02066
02068
02070
02072
02074
02076
02078
02080
02082
02084
02086
02088
02090
02092
02094
02096
02098
02100
02102
02104
02106
02108
02110
02112
02114
02116
02118
02120
02122
02124
02126
02128
02130
02132
02134
02136
02138
02140
02142
02144
02146
02148
02150
02152
02154
02156
02158
02160
02162
02164
02166
02168
02170
02172
02174
02176
02178
02180
02182
02184
02186
02188
02190
02192
02194
02196
02198
02200
02202
02204
02206
02208
02210
02212
02214
02216
02218
02220
02222
02224
02226
02228
02230
02232
02234
02236
02238
02240
02242
02244
02246
02248
02250
02252
02254
02256
02258
02260
02262
02264
02266
02268
02270
02272
02274
02276
02278
02280
02282
02284
02286
02288
02290
02292
02294
02296
02298
02300
02302
02304
02306
02308
02310
02312
02314
02316
02318
02320
02322
02324
02326
02328
02330
02332
02334
02336
02338
02340
02342
02344
02346
02348
02350
02352
02354
02356
02358
02360
02362
02364
02366
02368
02370
02372
02374
02376
02378
02380
02382
02384
02386
02388
02390
02392
02394
02396
02398
02400
02402
02404
02406
02408
02410
02412
02414
02416
02418
02420
02422
02424
02426
02428
02430
02432
02434
02436
02438
02440
02442
02444
02446
02448
02450
02452
02454
02456
02458
02460
02462
02464
02466
02468
02470
02472
02474
02476
02478
02480
02482
02484
02486
02488
02490
02492
02494
02496
02498
02500
02502
02504
02506
02508
02510
02512
02514
02516
02518
02520
02522
02524
02526
02528
02530
02532
02534
02536
02538
02540
02542
02544
02546
02548
02550
02552
02554
02556
02558
02560
02562
02564
02566
02568
02570
02572
02574
02576
02578
02580
02582
02584
02586
02588
02590
02592
02594
02596
02598
02600
02602
02604
02606
02608
02610
02612
02614
02616
02618
02620
02622
02624
02626
02628
02630
02632
02634
02636
02638
02640
02642
02644
02646
02648
02650
02652
02654
02656
02658
02660
02662
02664
02666
02668
02670
02672
02674
02676
02678
02680
02682
02684
02686
02688
02690
02692
02694
02696
02698
02700
02702
02704
02706
02708
02710
02712
02714
02716
02718
02720
02722
02724
02726
02728
02730
02732
02734
02736
02738
02740
02742
02744
02746
02748
02750
02752
02754
02756
02758
02760
02762
02764
02766
02768
02770
02772
02774
02776
02778
02780
02782
02784
02786
02788
02790
02792
02794
02796
02798
02800
02802
02804
02806
02808
02810
02812
02814
02816
02818
02820
02822
02824
02826
02828
02830
02832
02834
02836
02838
02840
02842
02844
02846
02848
02850
02852
02854
02856
02858
02860
02862
02864
02866
02868
02870
02872
02874
02876
02878
02880
02882
02884
02886
02888
02890
02892
02894
02896
02898
02900
02902
02904
02906
02908
02910
02912
02914
02916
02918
02920
02922
02924
02926
02928
02930
02932
02934
02936
02938
02940
02942
02944
02946
02948
02950
02952
02954
02956
02958
02960
02962
02964
02966
02968
02970
02972
02974
02976
02978
02980
02982
02984
02986
02988
02990
02992
02994
02996
02998
03000
03002
03004
03006
03008
03010
03012
03014
03016
03018
03020
03022
03024
03026
03028
03030
03032
03034
03036
03038
03040
03042
03044
03046
03048
03050
03052
03054
03056
03058
03060
03062
03064
03066
03068
03070
03072
03074
03076
03078
03080
03082
03084
03086
03088
03090
03092
03094
03096
03098
03100
03102
03104
03106
03108
03110
03112
03114
03116
03118
03120
03122
03124
03126
03128
03130
03132
03134
03136
03138
03140
03142
03144
03146
03148
03150
03152
03154
03156
03158
03160
03162
03164
03166
03168
03170
03172
03174
03176
03178
03180
03182
03184
03186
03188
03190
03192
03194
03196
03198
03200
03202
03204
03206
03208
03210
03212
03214
03216
03218
03220
03222
03224
03226
03228
03230
03232
03234
03236
03238
03240
03242
03244
03246
03248
03250
03252
03254
03256
03258
03260
03262
03264
03266
03268
03270
03272
03274
03276
03278
03280
03282
03284
03286
03288
03290
03292
03294
03296
03298
03300
03302
03304
03306
03308
03310
03312
03314
03316
03318
03320
03322
03324
03326
03328
03330
03332
03334
03336
03338
03340
03342
03344
03346
03348
03350
03352
03354
03356
03358
03360
03362
03364
03366
03368
03370
03372
03374
03376
03378
03380
03382
03384
03386
03388
03390
03392
03394
03396
03398
03400
03402
03404
03406
03408
03410
03412
03414
03416
03418
03420
03422
03424
03426
03428
03430
03432
03434
03436
03438
03440
03442
03444
03446
03448
03450
03452
03454
03456
03458
03460
03462
03464
03466
03468
03470
03472
03474
03476
03478
03480
03482
03484
03486
03488
03490
03492
03494
03496
03498
03500
03502
03504
03506
03508
03510
03512
03514
03516
03518
03520
03522
03524
03526
03528
03530
03532
03534
03536
03538
03540
03542
03544
03546
03548
03550
03552
03554
03556
03558
03560
03562
03564
03566
03568
03570
03572
03574
03576
03578
03580
03582
03584
03586
03588
03590
03592
03594
03596
03598
03600
03602
03604
03606
03608
03610
03612
03614
03616
03618
03620
03622
03624
03626
03628
03630
03632
03634
03636
03638
03640
03642
03644
03646
03648
03650
03652
03654
03656
03658
03660
03662
03664
03666
03668
03670
03672
03674
03676
03678
03680
03682
03684
03686
03688
03690
03692
03694
03696
03698
03700
03702
03704
03706
03708
03710
03712
03714
03716
03718
03720
03722
03724
03726
03728
03730
03732
03734
03736
03738
03740
03742
03744
03746
03748
03750
03752
03754
03756
03758
03760
03762
03764
03766
03768
03770
03772
03774
03776
03778
03780
03782
03784
03786
03788
03790
03792
03794
03796
03798
03800
03802
03804
03806
03808
03810
03812
03814
03816
03818
03820
03822
03824
03826
03828
03830
03832
03834
03836
03838
03840
03842
03844
03846
03848
03850
03852
03854
03856
03858
03860
03862
03864
03866
03868
03870
03872
03874
03876
03878
03880
03882
03884
03886
03888
03890
03892
03894
03896
03898
03900
03902
03904
03906
03908
03910
03912
03914
03916
03918
03920
03922
03924
03926
03928
03930
03932
03934
03936
03938
03940
03942
03944
03946
03948
03950
03952
03954
03956
03958
03960
03962
03964
03966
03968
03970
03972
03974
03976
03978
03980
03982
03984
03986
03988
03990
03992
03994
03996
03998
04000
04002
04004
04006
04008
04010
04012
04014
04016
04018
04020
04022
04024
04026
04028
04030
04032
04034
04036
04038
04040
04042
04044
04046
04048
04050
04052
04054
04056
04058
04060
04062
04064
04066
04068
04070
04072
04074
04076
04078
04080
04082
04084
04086
04088
04090
04092
04094
04096
04098
04100
04102
04104
04106
04108
04110
04112
04114
04116
04118
04120
04122
04124
04126
04128
04130
04132
04134
04136
04138
04140
04142
04144
04146
04148
04150
04152
04154
04156
04158
04160
04162
04164
04166
04168
04170
04172
04174
04176
04178
04180
04182
04184
04186
04188
04190
04192
04194
04196
04198
04200
04202
04204
04206
04208
04210
04212
04214
04216
04218
04220
04222
04224
04226
04228
04230
04232
04234
04236
04238
04240
04242
04244
04246
04248
04250
04252
04254
04256
04258
04260
04262
04264
04266
04268
04270
04272
04274
04276
04278
04280
04282
04284
04286
04288
04290
04292
04294
04296
04298
04300
04302
04304
04306
04308
04310
04312
04314
04316
04318
04320
04322
04324
04326
04328
04330
04332
04334
04336
04338
04340
04342
04344
04346
04348
04350
04352
04354
04356
04358
04360
04362
04364
04366
04368
04370
04372
04374
04376
04378
04380
04382
04384
04386
04388
04390
04392
04394
04396
04398
04400
04402
04404
04406
04408
04410
04412
04414
04416
04418
04420
04422
04424
04426
04428
04430
04432
04434
04436
04438
04440
04442
04444
04446
04448
04450
04452
04454
04456
04458
04460
04462
04464
04466
04468
04470
04472
04474
04476
04478
04480
04482
04484
04486
04488
04490
04492
04494
04496
04498
04500
04502
04504
04506
04508
04510
04512
04514
04516
04518
04520
04522
04524
04526
04528
04530
04532
04534
04536
04538
04540
04542
04544
04546
04548
04550
04552
04554
04556
04558
04560
04562
04564
04566
04568
04570
04572
04574
04576
04578
04580
04582
04584
04586
04588
04590
04592
04594
04596
04598
04600
04602
04604
04606
04608
04610
04612
04614
04616
04618
04620
04622
04624
04626
04628
04630
04632
04634
04636
04638
04640
04642
04644
04646
04648
04650
04652
04654
04656
04658
04660
04662
04664
04666
04668
04670
04672
04674
04676
04678
04680
04682
04684
04686
04688
04690
04692
04694
04696
04698
04700
04702
04704
04706
04708
04710
04712
04714
04716
04718
04720
04722
04724
04726
04728
04730
04732
04734
04736
04738
04740
04742
04744
04746
04748
04750
04752
04754
04756
04758
04760
04762
04764
04766
04768
04770
04772
04774
04776
04778
04780
04782
04784
04786
04788
04790
04792
04794
04796
04798
04800
04802
04804
04806
04808
04810
04812
04814
04816
04818
04820
04822
04824
04826
04828
04830
04832
04834
04836
04838
04840
04842
04844
04846
04848
04850
04852
04854
04856
04858
04860
04862
04864
04866
04868
04870
04872
04874
04876
04878
04880
04882
04884
04886
04888
04890
04892
04894
04896
04898
04900
04902
04904
04906
04908
04910
04912
04914
04916
04918
04920
04922
04924
04926
04928
04930
04932
04934
04936
04938
04940
04942
04944
04946
04948
04950
04952
04954
04956
04958
04960
04962
04964
04966
04968
04970
04972
04974
04976
04978
04980
04982
04984
04986
04988
04990
04992
04994
04996
04998
05000
05002
05004
05006
05008
05010
05012
05014
05016
05018
05020
05022
05024
05026
05028
05030
05032
05034
05036
05038
05040
05042
05044
05046
05048
05050
05052
05054
05056
05058
05060
05062
05064
05066
05068
05070
05072
05074
05076
05078
05080
05082
05084
05086
05088
05090
05092
05094
05096
05098
05100
05102
05104
05106
05108
05110
05112
05114
05116
05118
05120
05122
05124
05126
05128
05130
05132
05134
05136
05138
05140
05142
05144
05146
05148
05150
05152
05154
05156
05158
05160
05162
05164
05166
05168
05170
05172
05174
05176
05178
05180
05182
05184
05186
05188
05190
05192
05194
05196
05198
05200
05202
05204
05206
05208
05210
05212
05214
05216
05218
05220
05222
05224
05226
05228
05230
05232
05234
05236
05238
05240
05242
05244
05246
05248
05250
05252
05254
05256
05258
05260
05262
05264
05266
05268
05270
05272
05274
05276
05278
05280
05282
05284
05286
05288
05290
05292
05294
05296
05298
05300
05302
05304
05306
05308
05310
05312
05314
05316
05318
05320
05322
05324
05326
05328
05330
05332
05334
05336
05338
05340
05342
05344
05346
05348
05350
05352
05354
05356
05358
05360
05362
05364
05366
05368
05370
05372
05374
05376
05378
05380
05382
05384
05386
05388
05390
05392
05394
05396
05398
05400
05402
05404
05406
05408
05410
05412
05414
05416
05418
05420
05422
05424
05426
05428
05430
05432
05434
05436
05438
05440
05442
05444
05446
05448
05450
05452
05454
05456
05458
05460
05462
05464
05466
05468
05470
05472
05474
05476
05478
05480
05482
05484
05486
05488
05490
05492
05494
05496
05498
05500
05502
05504
05506
05508
05510
05512
05514
05516
05518
05520
05522
05524
05526
05528
05530
05532
05534
05536
05538
05540
05542
05544
05546
05548
05550
05552
05554
05556
05558
05560
05562
05564
05566
05568
05570
05572
05574
05576
05578
05580
05582
05584
05586
05588
05590
05592
05594
05596
05598
05600
05602
05604
05606
05608
05610
05612
05614
05616
05618
05620
05622
05624
05626
05628
05630
05632
05634
05636
05638
05640
05642
05644
05646
05648
05650
05652
05654
05656
05658
05660
05662
05664
05666
05668
05670
05672
05674
05676
05678
05680
05682
05684
05686
05688
05690
05692
05694
05696
05698
05700
05702
05704
05706
05708
05710
05712
05714
05716
05718
05720
05722
05724
05726
05728
05730
05732
05734
05736
05738
05740
05742
05744
05746
05748
05750
05752
05754
05756
05758
05760
05762
05764
05766
05768
05770
05772
05774
05776
05778
05780
05782
05784
05786
05788
05790
05792
05794
05796
05798
05800
05802
05804
05806
05808
05810
05812
05814
05816
05818
05820
05822
05824
05826
05828
05830
05832
05834
05836
05838
05840
05842
05844
05846
05848
05850
05852
05854
05856
05858
05860
05862
05864
05866
05868
05870
05872
05874
05876
05878
05880
05882
05884
05886
05888
05890
05892
05894
05896
05898
05900
05902
05904
05906
05908
05910
05912
05914
05916
05918
05920
05922
05924
05926
05928
05930
05932
05934
05936
05938
05940
05942
05944
05946
05948
05950
05952
05954
05956
05958
05960
05962
05964
05966
05968
05970
05972
05974
05976
05978
05980
05982
05984
05986
05988
05990
05992
05994
05996
05998
06000
06002
06004
06006
06008
06010
06012
06014
06016
06018
06020
06022
06024
06026
06028
06030
06032
06034
06036
06038
06040
06042
06044
06046
06048
06050
06052
06054
06056
06058
06060
06062
06064
06066
06068
06070
06072
06074
06076
06078
06080
06082
06084
06086
06088
06090
06092
06094
06096
06098
06100
06102
06104
06106
06108
06110
06112
06114
06116
06118
06120
06122
06124
06126
06128
06130
06132
06134
06136
06138
06140
06142
06144
06146
06148
06150
06152
06154
06156
06158
06160
06162
06164
06166
06168
06170
06172
06174
06176
06178
06180
06182
06184
06186
06188
06190
06192
06194
06196
06198
06200
06202
06204
06206
06208
06210
06212
06214
06216
06218
06220
06222
06224
06226
06228
06230
06232
06234
06236
06238
06240
06242
06244
06246
06248
06250
06252
06254
06256
06258
06260
06262
06264
06266
06268
06270
06272
06274
06276
06278
06280
06282
06284
06286
06288
06290
06292
06294
06296
06298
06300
06302
06304
06306
06308
06310
06312
06314
06316
06318
06320
06322
06324
06326
06328
06330
06332
06334
06336
06338
06340
06342
06344
06346
06348
06350
06352
06354
06356
06358
06360
06362
06364
06366
06368
06370
06372
06374
06376
06378
06380
06382
06384
06386
06388
06390
06392
06394
06396
06398
06400
06402
06404
06406
06408
06410
06412
06414
06416
06418
06420
06422
06424
06426
06428
06430
06432
06434
06436
06438
06440
06442
06444
06446
06448
06450
06452
06454
06456
06458
06460
06462
06464
06466
06468
06470
06472
06474
06476
06478
06480
06482
06484
06486
06488
06490
06492
06494
06496
06498
06500
06502
06504
06506
06508
06510
06512
06514
06516
06518
06520
06522
06524
06526
06528
06530
06532
06534
06536
06538
06540
06542
06544
06546
06548
06550
06552
06554
06556
06558
06560
06562
06564
06566
06568
06570
06572
06574
06576
06578
06580
06582
06584
06586
06588
06590
06592
06594
06596
06598
06600
06602
06604
06606
06608
06610
06612
06614
06616
06618
06620
06622
06624
06626
06628
06630
06632
06634
06636
06638
06640
06642
06644
06646
06648
06650
06652
06654
06656
06658
06660
06662
06664
06666
06668
06670
06672
06674
06676
06678
06680
06682
06684
06686
06688
06690
06692
06694
06696
06698
06700
06702
06704
06706
06708
06710
06712
06714
06716
06718
06720
06722
06724
06726
06728
06730
06732
06734
06736
06738
06740
06742
06744
06746
06748
06750
06752
06754
06756
06758
06760
06762
06764
06766
06768
06770
06772
06774
06776
06778
06780
06782
06784
06786
06788
06790
06792
06794
06796
06798
06800
06802
06804
06806
06808
06810
06812
06814
06816
06818
06820
06822
06824
06826
06828
06830
06832
06834
06836
06838
06840
06842
06844
06846
06848
06850
06852
06854
06856
06858
06860
06862
06864
06866
06868
06870
06872
06874
06876
06878
06880
06882
06884
06886
06888
06890
06892
06894
06896
06898
06900
06902
06904
06906
06908
06910
06912
06914
06916
06918
06920
06922
06924
06926
06928
06930
06932
06934
06936
06938
06940
06942
06944
06946
06948
06950
06952
06954
06956
06958
06960
06962
06964
06966
06968
06970
06972
06974
06976
06978
06980
06982
06984
06986
06988
06990
06992
06994
06996
06998
07000
07002
07004
07006
07008
07010
07012
07014
07016
07018
07020
07022
07024
07026
07028
07030
07032
07034
07036
07038
07040
07042
07044
07046
07048
07050
07052
07054
07056
07058
07060
07062
07064
07066
07068
07070
07072
07074
07076
07078
07080
07082
07084
07086
07088
07090
07092
07094
07096
07098
07100
07102
07104
07106
07108
07110
07112
07114
07116
07118
07120
07122
07124
07126
07128
07130
07132
07134
07136
07138
07140
07142
07144
07146
07148
07150
07152
07154
07156
07158
07160
07162
07164
07166
07168
07170
07172
07174
07176
07178
07180
07182
07184
07186
07188
07190
07192
07194
07196
07198
07200
07202
07204
07206
07208
07210
07212
07214
07216
07218
07220
07222
07224
07226
07228
07230
07232
07234
07236
07238
07240
07242
07244
07246
07248
07250
07252
07254
07256
07258
07260
07262
07264
07266
07268
07270
07272
07274
07276
07278
07280
07282
07284
07286
07288
07290
07292
07294
07296
07298
07300
07302
07304
07306
07308
07310
07312
07314
07316
07318
07320
07322
07324
07326
07328
07330
07332
07334
07336
07338
07340
07342
07344
07346
07348
07350
07352
07354
07356
07358
07360
07362
07364
07366
07368
07370
07372
07374
07376
07378
07380
07382
07384
07386
07388
07390
07392
07394
07396
07398
07400
07402
07404
07406
07408
07410
07412
07414
07416
07418
07420
07422
07424
07426
07428
07430
07432
07434
07436
07438
07440
07442
07444
07446
07448
07450
07452
07454
07456
07458
07460
07462
07464
07466
07468
07470
07472
07474
07476
07478
07480
07482
07484
07486
07488
07490
07492
07494
07496
07498
07500
07502
07504
07506
07508
07510
07512
07514
07516
07518
07520
07522
07524
07526
07528
07530
07532
07534
07536
07538
07540
07542
07544
07546
07548
07550
07552
07554
07556
07558
07560
07562
07564
07566
07568
07570
07572
07574
07576
07578
07580
07582
07584
07586
07588
07590
07592
07594
07596
07598
07600
07602
07604
07606
07608
07610
07612
07614
07616
07618
07620
07622
07624
07626
07628
07630
07632
07634
07636
07638
07640
07642
07644
07646
07648
07650
07652
07654
07656
07658
07660
07662
07664
07666
07668
07670
07672
07674
07676
07678
07680
07682
07684
07686
07688
07690
07692
07694
07696
07698
07700
07702
07704
07706
07708
07710
07712
07714
07716
07718
07720
07722
07724
07726
07728
07730
07732
07734
07736
07738
07740
07742
07744
07746
07748
07750
07752
07754
07756
07758
07760
07762
07764
07766
07768
07770
07772
07774
07776
07778
07780
07782
07784
07786
07788
07790
07792
07794
07796
07798
07800
07802
07804
07806
07808
07810
07812
07814
07816
07818
07820
07822
07824
07826
07828
07830
07832
07834
07836
07838
07840
07842
07844
07846
07848
07850
07852
07854
07856
07858
07860
07862
07864
07866
07868
07870
07872
07874
07876
07878
07880
07882
07884
07886
07888
07890
07892
07894
07896
07898
07900
07902
07904
07906
07908
07910
07912
07914
07916
07918
07920
07922
07924
07926
07928
07930
07932
07934
07936
07938
07940
07942
07944
07946
07948
07950
07952
07954
07956
07958
07960
07962
07964
07966
07968
07970
07972
07974
07976
07978
07980
07982
07984
07986
07988
07990
07992
07994
07996
07998
08000
08002
08004
08006
08008
08010
08012
08014
08016
08018
08020
08022
08024
08026
08028
08030
08032
08034
08036
08038
08040
08042
08044
08046
08048
08050
08052
08054
08056
08058
08060
08062
08064
08066
08068
08070
08072
08074
08076
08078
08080
08082
08084
08086
08088
08090
08092
08094
08096
08098
08100
08102
08104
08106
08108
08110
08112
08114
08116
08118
08120
08122
08124
08126
08128
08130
08132
08134
08136
08138
08140
08142
08144
08146
08148
08150
08152
08154
08156
08158
08160
08162
08164
08166
08168
08170
08172
08174
08176
08178
08180
08182
08184
08186
08188
08190
08192
08194
08196
08198
08200
08202
08204
08206
08208
08210
08212
08214
08216
08218
08220
08222
08224
08226
08228
08230
08232
08234
08236
08238
08240
08242
08244
08246
08248
08250
08252
08254
08256
08258
08260
08262
08264
08266
08268
08270
08272
08274
08276
08278
08280
08282
08284
08286
08288
08290
08292
08294
08296
08298
08300
08302
08304
08306
08308
08310
08312
08314
08316
08318
08320
08322
08324
08326
08328
08330
08332
08334
08336
08338
08340
08342
08344
08346
08348
08350
08352
08354
08356
08358
08360
08362
08364
08366
08368
08370
08372
08374
08376
08378
08380
08382
08384
08386
08388
08390
08392
08394
08396
08398
08400
08402
08404
08406
08408
08410
08412
08414
08416
08418
08420
08422
08424
08426
08428
08430
08432
08434
08436
08438
08440
08442
08444
08446
08448
08450
08452
08454
08456
08458
08460
08462
08464
08466
08468
08470
08472
08474
08476
08478
08480
08482
08484
08486
08488
08490
08492
08494
08496
08498
08500
08502
08504
08506
08508
08510
08512
08514
08516
08518
08520
08522
08524
08526
08528
08530
08532
08534
08536
08538
08540
08542
08544
08546
08548
08550
08552
08554
08556
08558
08560
08562
08564
08566
08568
08570
08572
08574
08576
08578
08580
08582
08584
08586
08588
08590
08592
08594
08596
08598
08600
08602
08604
08606
08608
08610
08612
08614
08616
08618
08620
08622
08624
08626
08628
08630
08632
08634
08636
08638
08640
08642
08644
08646
08648
08650
08652
08654
08656
08658
08660
08662
08664
08666
08668
08670
08672
08674
08676
08678
08680
08682
08684
08686
08688
08690
08692
08694
08696
08698
08700
08702
08704
08706
08708
08710
08712
08714
08716
08718
08720
08722
08724
08726
08728
08730
08732
08734
08736
08738
08740
08742
08744
08746
08748
08750
08752
08754
08756
08758
08760
08762
08764
08766
08768
08770
08772
08774
08776
08778
08780
08782
08784
08786
08788
08790
08792
08794
08796
08798
08800
08802
08804
08806
08808
08810
08812
08814
08816
08818
08820
08822
08824
08826
08828
08830
08832
08834
08836
08838
08840
08842
08844
08846
08848
08850
08852
08854
08856
08858
08860
08862
08864
08866
08868
08870
08872
08874
08876
08878
08880
08882
08884
08886
08888
08890
08892
08894
08896
08898
08900
08902
08904
08906
08908
08910
08912
08914
08916
08918
08920
08922
08924
08926
08928
08930
08932
08934
08936
08938
08940
08942
08944
08946
08948
08950
08952
08954
08956
08958
08960
08962
08964
08966
08968
08970
08972
08974
08976
08978
08980
08982
08984
08986
08988
08990
08992
08994
08996
08998
09000
09002
09004
09006
09008
09010
09012
09014
09016
09018
09020
09022
09024
09026
09028
09030
09032
09034
09036
09038
09040
09042
09044
09046
09048
09050
09052
09054
09056
09058
09060
09062
09064
09066
09068
09070
09072
09074
09076
09078
09080
09082
09084
09086
09088
09090
09092
09094
09096
09098
09100
09102
09104
09106
09108
09110
09112
09114
09116
09118
09120
09122
09124
09126
09128
09130
09132
09134
09136
09138
09140
09142
09144
09146
09148
09150
09152
09154
09156
09158
09160
09162
09164
09166
09168
09170
09172
09174
09176
09178
09180
09182
09184
09186
09188
09190
09192
09194
09196
09198
09200
09202
09204
09206
09208
09210
09212
09214
09216
09218
09220
09222
09224
09226
09228
09230
09232
09234
09236
09238
09240
09242
09244
09246
09248
09250
09252
09254
09256
09258
09260
09262
09264
09266
09268
09270
09272
09274
09276
09278
09280
09282
09284
09286
09288
09290
09292
09294
09296
09298
09300
09302
09304
09306
09308
09310
09312
09314
09316
09318
09320
09322
09324
09326
09328
09330
09332
09334
09336
09338
09340
09342
09344
09346
09348
09350
09352
09354
09356
09358
09360
09362
09364
09366
09368
09370
09372
09374
09376
09378
09380
09382
09384
09386
09388
09390
09392
09394
09396
09398
09400
09402
09404
09406
09408
09410
09412
09414
09416
09418
09420
09422
09424
09426
09428
09430
09432
09434
09436
09438
09440
09442
09444
09446
09448
09450
09452
09454
09456
09458
09460
09462
09464
09466
09468
09470
09472
09474
09476
09478
09480
09482
09484
09486
09488
09490
09492
09494
09496
09498
09500
09502
09504
09506
09508
09510
09512
09514
09516
09518
09520
09522
09524
09526
09528
09530
09532
09534
09536
09538
09540
09542
09544
09546
09548
09550
09552
09554
09556
09558
09560
09562
09564
09566
09568
09570
09572
09574
09576
09578
09580
09582
09584
09586
09588
09590
09592
09594
09596
09598
09600
09602
09604
09606
09608
09610
09612
09614
09616
09618
09620
09622
09624
09626
09628
09630
09632
09634
09636
09638
09640
09642
09644
09646
09648
09650
09652
09654
09656
09658
09660
09662
09664
09666
09668
09670
09672
09674
09676
09678
09680
09682
09684
09686
09688
09690
09692
09694
09696
09698
09700
09702
09704
09706
09708
09710
09712
09714
09716
09718
09720
09722
09724
09726
09728
09730
09732
09734
09736
09738
09740
09742
09744
09746
09748
09750
09752
09754
09756
09758
09760
09762
09764
09766
09768
09770
09772
09774
09776
09778
09780
09782
09784
09786
09788
09790
09792
09794
09796
09798
09800
09802
09804
09806
09808
09810
09812
09814
09816
09818
09820
09822
09824
09826
09828
09830
09832
09834
09836
09838
09840
09842
09844
09846
09848
09850
09852
09854
09856
09858
09860
09862
09864
09866
09868
09870
09872
09874
09876
09878
09880
09882
09884
09886
09888
09890
09892
09894
09896
09898
09900
09902
09904
09906
09908
09910
09912
09914
09916
09918
09920
09922
09924
09926
09928
09930
09932
09934
09936
09938
09940
09942
09944
09946
09948
09950
09952
09954
09956
09958
09960
09962
09964
09966
09968
09970
09972
09974
09976
09978
09980
09982
09984
09986
09988
09990
09992
09994
09996
09998
10000
10002
10004
10006
10008
10010
10012
10014
10016
10018
10020
10022
10024
10026
10028
10030
10032
10034
10036
10038
10040
10042
10044
10046
10048
10050
10052
10054
10056
10058
10060
10062
10064
10066
10068
10070
10072
10074
10076
10078
10080
10082
10084
10086
10088
10090
10092
10094
10096
10098
10100
10102
10104
10106
10108
10110
10112
10114
10116
10118
10120
10122
10124
10126
10128
10130
10132
10134
10136
10138
10140
10142
10144
10146
10148
10150
10152
10154
10156
10158
10160
10162
10164
10166
10168
10170
10172
10174
10176
10178
10180
10182
10184
10186
10188
10190
10192
10194
10196
10198
10200
10202
10204
10206
10208
10210
10212
10214
10216
10218
10220
10222
10224
10226
10228
10230
10232
10234
10236
10238
10240
10242
10244
10246
10248
10250
10252
10254
10256
10258
10260
10262
10264
10266
10268
10270
10272
10274
10276
10278
10280
10282
10284
10286
10288
10290
10292
10294
10296
10298
10300
10302
10304
10306
10308
10310
10312
10314
10316
10318
10320
10322
10324
10326
10328
10330
10332
10334
10336
10338
10340
10342
10344
10346
10348
10350
10352
10354
10356
10358
10360
10362
10364
10366
10368
10370
10372
10374
10376
10378
10380
10382
10384
10386
10388
10390
10392
10394
10396
10398
10400
10402
10404
10406
10408
10410
10412
10414
10416
10418
10420
10422
10424
10426
10428
10430
10432
10434
10436
10438
10440
10442
10444
10446
10448
10450
10452
10454
10456
10458
10460
10462
10464
10466
10468
10470
10472
10474
10476
10478
10480
10482
10484
10486
10488
10490
10492
10494
10496
10498
10500
10502
10504
10506
10508
10510
10512
10514
10516
10518
10520
10522
10524
10526
10528
10530
10532
10534
10536
10538
10540
10542
10544
10546
10548
10550
10552
10554
10556
10558
10560
10562
10564
10566
10568
10570
10572
10574
10576
10578
10580
10582
10584
10586
10588
10590
10592
10594
10596
10598
10600
10602
10604
10606
10608
10610
10612
10614
10616
10618
10620
10622
10624
10626
10628
10630
10632
10634
10636
10638
10640
10642
10644
10646
10648
10650
10652
10654
10656
10658
10660
10662
10664
10666
10668
10670
10672
10674
10676
10678
10680
10682
10684
10686
10688
10690
10692
10694
10696
10698
10700
10702
10704
10706
10708
10710
10712
10714
10716
10718
10720
10722
10724
10726
10728
10730
10732
10734
10736
10738
10740
10742
10744
10746
10748
10750
10752
10754
10756
10758
10760
10762
10764
10766
10768
10770
10772
10774
10776
10778
10780
10782
10784
10786
10788
10790
10792
10794
10796
10798
10800
10802
10804
10806
10808
10810
10812
10814
10816
10818
10820
10822
10824
10826
10828
10830
10832
10834
10836
10838
10840
10842
10844
10846
10848
10850
10852
10854
10856
10858
10860
10862
10864
10866
10868
10870
10872
10874
10876
10878
10880
10882
10884
10886
10888
10890
10892
10894
10896
10898
10900
10902
10904
10906
10908
10910
10912
10914
10916
10918
10920
10922
10924
10926
10928
10930
10932
10934
10936
10938
10940
10942
10944
10946
10948
10950
10952
10954
10956
10958
10960
10962
10964
10966
10968
10970
10972
10974
10976
10978
10980
10982
10984
10986
10988
10990
10992
10994
10996
10998
11000
11002
11004
11006
11008
11010
11012
11014
11016
11018
11020
11022
11024
11026
11028
11030
11032
11034
11036
11038
11040
11042
11044
11046
11048
11050
11052
11054
11056
11058
11060
11062
11064
11066
11068
11070
11072
11074
11076
11078
11080
11082
11084
11086
11088
11090
11092
11094
11096
11098
11100
11102
11104
11106
11108
11110
11112
11114
11116
11118
11120
11122
11124
11126
11128
11130
11132
11134
11136
11138
11140
11142
11144
11146
11148
11150
11152
11154
11156
11158
11160
11162
11164
11166
11168
11170
11172
11174
11176
11178
11180
11182
11184
11186
11188
11190
11192
11194
11196
11198
11200
11202
11204
11206
11208
11210
11212
11214
11216
11218
11220
11222
11224
11226
11228
11230
11232
11234
11236
11238
11240
11242
11244
11246
11248
11250
11252
11254
11256
11258
11260
11262
11264
11266
11268
11270
11272
11274
11276
11278
11280
11282
11284
11286
11288
11290
11292
11294
11296
11298
11300
11302
11304
11306
11308
11310
11312
11314
11316
11318
11320
11322
11324
11326
11328
11330
11332
11334
11336
11338
11340
11342
11344
11346
11348
11350
11352
11354
11356
11358
11360
11362
11364
11366
11368
11370
11372
11374
11376
11378
11380
11382
11384
11386
11388
11390
11392
11394
11396
11398
11400
11402
11404
11406
11408
11410
11412
11414
11416
11418
11420
11422
11424
11426
11428
11430
11432
11434
11436
11438
11440
11442
11444
11446
11448
11450
11452
11454
11456
11458
11460
11462
11464
11466
11468
11470
11472
11474
11476
11478
11480
11482
11484
11486
11488
11490
11492
11494
11496
11498
11500
11502
11504
11506
11508
11510
11512
11514
11516
11518
11520
11522
11524
11526
11528
11530
11532
11534
11536
11538
11540
11542
11544
11546
11548
11550
11552
11554
11556
11558
11560
11562
11564
11566
11568
11570
11572
11574
11576
11578
11580
11582
11584
11586
11588
11590
11592
11594
11596
11598
11600
11602
11604
11606
11608
11610
11612
11614
11616
11618
11620
11622
11624
11626
11628
11630
11632
11634
11636
11638
11640
11642
11644
11646
11648
11650
11652
11654
11656
11658
11660
11662
11664
11666
11668
11670
11672
11674
11676
11678
11680
11682
11684
11686
11688
11690
11692
11694
11696
11698
11700
11702
11704
11706
11708
11710
11712
11714
11716
11718
11720
11722
11724
11726
11728
11730
11732
11734
11736
11738
11740
11742
11744
11746
11748
11750
11752
11754
11756
11758
11760
11762
11764
11766
11768
11770
11772
11774
11776
11778
11780
11782
11784
11786
11788
11790
11792
11794
11796
11798
11800
11802
11804
11806
11808
11810
11812
11814
11816
11818
11820
11822
11824
11826
11828
11830
11832
11834
11836
11838
11840
11842
11844
11846
11848
11850
11852
11854
11856
11858
11860
11862
11864
11866
11868
11870
11872
11874
11876
11878
11880
11882
11884
11886
11888
11890
11892
11894
11896
11898
11900
11902
11904
11906
11908
11910
11912
11914
11916
11918
11920
11922
11924
11926
11928
11930
11932
11934
11936
11938
11940
11942
11944
11946
11948
11950
11952
11954
11956
11958
11960
11962
11964
11966
11968
11970
11972
11974
11976
11978
11980
11982
11984
11986
11988
11990
11992
11994
11996
11998
