00000
00100
00200
00300
00400
00500
00600
00700
00800
00900
01000
01100
01200
01300
01400
01500
01600
01700
01800
01900
02000
02100
02200
02300
02400
02500
02600
02700
02800
02900
03000
03100
03200
03300
03400
03500
03600
03700
03800
03900
04000
04100
04200
04300
04400
04500
04600
04700
04800
04900
05000
05100
05200
05300
05400
05500
05600
05700
05800
05900
06000
06100
06200
06300
06400
06500
06600
06700
06800
06900
07000
07100
07200
07300
07400
07500
07600
07700
07800
07900
08000
08100
08200
08300
08400
08500
08600
08700
08800
08900
09000
09100
09200
09300
09400
09500
09600
09700
09800
09900
10000
10100
10200
10300
10400
10500
10600
10700
10800
10900
11000
11100
11200
11300
11400
11500
11600
11700
11800
11900
