00000
00020
00040
00060
00080
00100
00120
00140
00160
00180
00200
00220
00240
00260
00280
00300
00320
00340
00360
00380
00400
00420
00440
00460
00480
00500
00520
00540
00560
00580
00600
00620
00640
00660
00680
00700
00720
00740
00760
00780
00800
00820
00840
00860
00880
00900
00920
00940
00960
00980
01000
01020
01040
01060
01080
01100
01120
01140
01160
01180
01200
01220
01240
01260
01280
01300
01320
01340
01360
01380
01400
01420
01440
01460
01480
01500
01520
01540
01560
01580
01600
01620
01640
01660
01680
01700
01720
01740
01760
01780
01800
01820
01840
01860
01880
01900
01920
01940
01960
01980
02000
02020
02040
02060
02080
02100
02120
02140
02160
02180
02200
02220
02240
02260
02280
02300
02320
02340
02360
02380
02400
02420
02440
02460
02480
02500
02520
02540
02560
02580
02600
02620
02640
02660
02680
02700
02720
02740
02760
02780
02800
02820
02840
02860
02880
02900
02920
02940
02960
02980
03000
03020
03040
03060
03080
03100
03120
03140
03160
03180
03200
03220
03240
03260
03280
03300
03320
03340
03360
03380
03400
03420
03440
03460
03480
03500
03520
03540
03560
03580
03600
03620
03640
03660
03680
03700
03720
03740
03760
03780
03800
03820
03840
03860
03880
03900
03920
03940
03960
03980
04000
04020
04040
04060
04080
04100
04120
04140
04160
04180
04200
04220
04240
04260
04280
04300
04320
04340
04360
04380
04400
04420
04440
04460
04480
04500
04520
04540
04560
04580
04600
04620
04640
04660
04680
04700
04720
04740
04760
04780
04800
04820
04840
04860
04880
04900
04920
04940
04960
04980
05000
05020
05040
05060
05080
05100
05120
05140
05160
05180
05200
05220
05240
05260
05280
05300
05320
05340
05360
05380
05400
05420
05440
05460
05480
05500
05520
05540
05560
05580
05600
05620
05640
05660
05680
05700
05720
05740
05760
05780
05800
05820
05840
05860
05880
05900
05920
05940
05960
05980
06000
06020
06040
06060
06080
06100
06120
06140
06160
06180
06200
06220
06240
06260
06280
06300
06320
06340
06360
06380
06400
06420
06440
06460
06480
06500
06520
06540
06560
06580
06600
06620
06640
06660
06680
06700
06720
06740
06760
06780
06800
06820
06840
06860
06880
06900
06920
06940
06960
06980
07000
07020
07040
07060
07080
07100
07120
07140
07160
07180
07200
07220
07240
07260
07280
07300
07320
07340
07360
07380
07400
07420
07440
07460
07480
07500
07520
07540
07560
07580
07600
07620
07640
07660
07680
07700
07720
07740
07760
07780
07800
07820
07840
07860
07880
07900
07920
07940
07960
07980
08000
08020
08040
08060
08080
08100
08120
08140
08160
08180
08200
08220
08240
08260
08280
08300
08320
08340
08360
08380
08400
08420
08440
08460
08480
08500
08520
08540
08560
08580
08600
08620
08640
08660
08680
08700
08720
08740
08760
08780
08800
08820
08840
08860
08880
08900
08920
08940
08960
08980
09000
09020
09040
09060
09080
09100
09120
09140
09160
09180
09200
09220
09240
09260
09280
09300
09320
09340
09360
09380
09400
09420
09440
09460
09480
09500
09520
09540
09560
09580
09600
09620
09640
09660
09680
09700
09720
09740
09760
09780
09800
09820
09840
09860
09880
09900
09920
09940
09960
09980
10000
10020
10040
10060
10080
10100
10120
10140
10160
10180
10200
10220
10240
10260
10280
10300
10320
10340
10360
10380
10400
10420
10440
10460
10480
10500
10520
10540
10560
10580
10600
10620
10640
10660
10680
10700
10720
10740
10760
10780
10800
10820
10840
10860
10880
10900
10920
10940
10960
10980
11000
11020
11040
11060
11080
11100
11120
11140
11160
11180
11200
11220
11240
11260
11280
11300
11320
11340
11360
11380
11400
11420
11440
11460
11480
11500
11520
11540
11560
11580
11600
11620
11640
11660
11680
11700
11720
11740
11760
11780
11800
11820
11840
11860
11880
11900
11920
11940
11960
11980
