00013
00020
00038
00050
00068
00086
00104
00119
00135
00143
00164
00185
00198
00206
00231
00245
00260
00287
00310
00333
00344
00381
00403
00422
00430
00446
00459
00483
00515
00529
00544
00562
00579
00597
00622
00635
00654
00666
00677
00688
00709
00734
00744
00763
00802
00814
00828
00852
00872
00889
00903
00910
00920
00932
00947
00961
00983
01005
01013
01023
01056
01099
01144
01174
01211
01249
01278
01329
01352
01390
01412
01427
01447
01453
01464
01487
01499
01507
01514
01521
01530
01539
01548
01558
01567
01576
01584
01592
01601
01608
01615
01624
01635
01643
01651
01658
01665
01684
01693
01704
01717
01723
01730
01738
01749
01757
01767
01780
01789
01797
01806
01812
01822
01838
01845
01853
01862
01875
01885
01891
01904
01914
01928
01940
01954
01963
01980
01997
02018
02043
02063
02081
02091
02106
02133
02162
02172
02192
02203
02219
02245
02262
02290
02301
02313
02325
02332
02342
02352
02364
02391
02418
02451
02479
02495
02511
02519
02524
02533
02542
02553
02566
02584
02599
02606
02613
02624
02640
02661
02676
02683
02702
02720
02732
02742
02755
02769
02782
02814
02827
02845
02854
02871
02887
02943
02964
02989
03006
03061
03105
03124
03137
03179
03204
03221
03235
03255
03277
03301
03317
03332
03350
03366
03386
03402
03429
03458
03470
03479
03494
03506
03519
03538
03573
03588
03597
03614
03639
03658
03701
03874
03928
03989
04006
04024
04035
04051
04071
04088
04104
04127
04151
04171
04183
04199
04214
04229
04250
04277
04313
04337
04379
04425
04462
04484
04496
04523
04539
04564
04578
04599
04611
04624
04635
04644
04665
04692
04722
04843
04946
05027
05074
05106
05150
05157
05173
05186
05204
05220
05238
05257
05283
05296
05316
05327
05364
05377
05420
05436
05467
05491
05523
05548
05593
05633
05664
05698
05755
05839
05983
06022
06056
06144
06170
06214
06235
06250
06268
06280
06303
06317
06332
06353
06538
06565
06603
06624
06647
06667
06686
06707
06725
06753
06785
06807
06871
07015
07048
07097
07160
07214
07230
07287
07335
07387
07394
07436
07493
07537
07586
07604
07649
07681
07715
07773
07816
07869
07900
07939
07968
08004
08027
08067
08132
08143
08189
08290
08398
08448
08511
08572
08644
08714
08767
08855
08911
08940
08969
08998
09025
09041
09097
09144
09183
09238
09278
09313
09354
09382
09410
09475
09519
09552
09577
09606
09653
09709
09734
09777
09806
09867
09927
09986
10170
10257
10292
10315
10345
10383
10422
10462
10509
10589
10653
10697
10754
10797
10842
10941
10982
11054
11121
11160
11207
11260
11310
11380
11429
11507
11570
11613
11636
11712
11793
11846
14647
