00013
00016
00018
00025
00029
00038
00041
00045
00058
00065
00068
00078
00083
00088
00099
00104
00112
00117
00125
00133
00135
00138
00140
00148
00156
00164
00172
00180
00188
00191
00198
00200
00204
00207
00222
00231
00233
00242
00250
00257
00260
00279
00286
00291
00300
00310
00322
00332
00337
00340
00344
00363
00376
00385
00395
00403
00413
00420
00423
00425
00430
00436
00441
00449
00453
00459
00468
00481
00490
00504
00515
00522
00528
00533
00539
00544
00550
00561
00569
00571
00579
00587
00590
00605
00610
00622
00627
00633
00639
00644
00654
00657
00664
00668
00672
00677
00681
00687
00695
00705
00709
00716
00723
00735
00739
00744
00756
00761
00784
00792
00802
00807
00813
00815
00824
00828
00830
00838
00857
00863
00872
00879
00885
00892
00897
00903
00905
00907
00912
00917
00920
00925
00931
00935
00941
00947
00951
00960
00965
00971
00983
00993
01001
01008
01011
01013
01016
01018
01027
01030
01056
01080
01090
01111
01133
01144
01154
01172
01183
01198
01211
01233
01244
01250
01267
01278
01304
01321
01332
01347
01352
01363
01373
01392
01407
01412
01422
01424
01429
01442
01447
01450
01452
01455
01461
01464
01468
01483
01489
01494
01499
01502
01504
01508
01511
01514
01518
01520
01522
01526
01530
01532
01537
01541
01546
01548
01552
01557
01559
01565
01567
01572
01574
01577
01579
01584
01586
01591
01594
01598
01601
01603
01606
01611
01613
01615
01619
01622
01626
01629
01635
01639
01642
01645
01649
01651
01654
01657
01660
01663
01665
01668
01675
01686
01690
01693
01700
01702
01705
01709
01717
01719
01721
01724
01727
01730
01733
01737
01739
01746
01749
01754
01756
01759
01763
01767
01770
01776
01782
01785
01789
01793
01795
01799
01801
01806
01809
01811
01814
01820
01822
01828
01834
01839
01843
01845
01848
01852
01857
01860
01862
01866
01872
01876
01880
01885
01887
01890
01894
01900
01904
01906
01909
01919
01925
01928
01931
01936
01942
01945
01954
01959
01961
01966
01975
01980
01992
01995
02000
02004
02018
02029
02036
02044
02057
02063
02074
02077
02082
02087
02091
02098
02105
02108
02119
02133
02155
02159
02165
02169
02172
02179
02181
02193
02198
02203
02211
02217
02221
02239
02245
02252
02255
02283
02287
02290
02296
02300
02304
02311
02313
02319
02324
02327
02330
02332
02334
02340
02343
02347
02352
02358
02361
02373
02376
02391
02399
02412
02425
02440
02451
02467
02474
02481
02489
02495
02500
02509
02513
02517
02519
02521
02523
02526
02530
02533
02535
02540
02543
02548
02553
02555
02560
02567
02573
02584
02587
02596
02601
02604
02606
02610
02612
02614
02621
02624
02631
02638
02650
02655
02661
02668
02672
02679
02681
02683
02693
02701
02706
02710
02720
02725
02730
02735
02738
02742
02748
02753
02759
02765
02769
02773
02778
02800
02804
02814
02819
02825
02837
02842
02845
02850
02852
02855
02864
02871
02884
02886
02899
02917
02943
02957
02963
02965
02976
02989
02991
03003
03033
03046
03061
03099
03104
03108
03113
03124
03126
03136
03149
03171
03179
03187
03198
03206
03214
03221
03225
03232
03247
03253
03255
03263
03272
03280
03289
03301
03311
03314
03325
03329
03332
03336
03349
03353
03356
03366
03379
03385
03387
03393
03402
03412
03423
03432
03442
03458
03464
03466
03473
03475
03479
03485
03492
03495
03497
03506
03512
03517
03523
03530
03538
03556
03564
03577
03586
03588
03592
03596
03601
03608
03614
03618
03635
03643
03650
03658
03674
03694
03750
03831
03874
03906
03924
03929
03986
03989
03991
03999
04010
04014
04024
04031
04034
04037
04043
04051
04058
04069
04072
04074
04088
04094
04101
04105
04119
04127
04135
04150
04159
04161
04171
04177
04180
04186
04189
04199
04208
04213
04215
04221
04229
04238
04247
04256
04269
04277
04287
04311
04315
04320
04337
04342
04361
04387
04409
04425
04431
04453
04469
04472
04484
04487
04494
04498
04510
04523
04533
04537
04545
04558
04564
04572
04574
04580
04589
04599
04602
04606
04618
04622
04624
04629
04634
04637
04640
04644
04654
04663
04667
04683
04692
04713
04720
04723
04735
04843
04900
04921
04950
04997
05027
05049
05058
05090
05097
05106
05140
05145
05151
05153
05157
05163
05171
05174
05177
05186
05190
05203
05206
05216
05220
05222
05229
05239
05244
05257
05269
05278
05285
05291
05296
05311
05313
05317
05324
05327
05331
05336
05365
05373
05377
05397
05410
05424
05432
05436
05443
05457
05472
05483
05491
05500
05519
05536
05542
05548
05574
05591
05595
05621
05633
05644
05655
05669
05673
05698
05728
05740
05758
05804
05839
05903
05951
06000
06019
06022
06030
06046
06074
06109
06144
06159
06166
06176
06196
06214
06218
06228
06236
06238
06250
06262
06267
06270
06274
06280
06284
06300
06304
06315
06317
06320
06329
06333
06348
06353
06365
06529
06546
06554
06565
06584
06601
06611
06618
06624
06633
06642
06648
06659
06667
06670
06680
06688
06695
06707
06709
06720
06730
06745
06753
06761
06778
06791
06793
06807
06827
06840
06873
06953
07015
07029
07046
07053
07079
07097
07144
07155
07176
07197
07214
07223
07228
07251
07260
07287
07307
07325
07340
07346
07387
07389
07392
07416
07432
07436
07453
07489
07502
07525
07537
07542
07571
07596
07599
07604
07611
07634
07651
07656
07681
07696
07709
07720
07745
07773
07785
07806
07832
07838
07869
07879
07886
07907
07931
07939
07953
07958
07969
07986
08004
08016
08023
08046
08059
08067
08075
08097
08136
08140
08143
08165
08177
08208
08256
08290
08311
08351
08405
08417
08448
08464
08500
08512
08559
08572
08607
08643
08667
08675
08714
08743
08758
08780
08788
08855
08871
08910
08915
08933
08940
08960
08964
08973
08979
08998
09009
09016
09027
09034
09041
09050
09075
09101
09131
09144
09161
09182
09206
09211
09238
09241
09274
09285
09306
09313
09334
09353
09362
09376
09382
09394
09404
09432
09440
09475
09511
09518
09521
09539
09552
09562
09572
09585
09589
09606
09619
09636
09663
09679
09709
09729
09733
09742
09750
09777
09791
09794
09813
09826
09867
09894
09918
09934
09984
09986
10142
10165
10183
10238
10257
10267
10280
10299
10309
10315
10321
10333
10350
10372
10383
10413
10421
10424
10438
10462
10504
10507
10514
10549
10589
10597
10632
10668
10681
10697
10718
10749
10764
10795
10797
10828
10841
10847
10878
10941
10952
10971
10987
11047
11054
11086
11111
11129
11155
11160
11192
11204
11210
11227
11260
11303
11309
11345
11351
11380
11383
11423
11437
11471
11507
11551
11559
11577
11580
11613
11625
11631
11661
11692
11712
11726
11775
11798
11839
11846
11888
11906
14648
