00013
00038
00068
00104
00135
00164
00198
00231
00260
00310
00344
00403
00430
00459
00515
00544
00579
00622
00654
00677
00709
00744
00802
00828
00872
00903
00920
00947
00983
01013
01056
01144
01211
01278
01352
01412
01447
01464
01499
01514
01530
01548
01567
01584
01601
01615
01635
01651
01665
01693
01717
01730
01749
01767
01789
01806
01822
01845
01862
01885
01904
01928
01954
01980
02018
02063
02091
02133
02172
02203
02245
02290
02313
02332
02352
02391
02451
02495
02519
02533
02553
02584
02606
02624
02661
02683
02720
02742
02769
02814
02845
02871
02943
02989
03061
03124
03179
03221
03255
03301
03332
03366
03402
03458
03479
03506
03538
03588
03614
03658
03874
03989
04024
04051
04088
04127
04171
04199
04229
04277
04337
04425
04484
04523
04564
04599
04624
04644
04692
04843
05027
05106
05157
05186
05220
05257
05296
05327
05377
05436
05491
05548
05633
05698
05839
06022
06144
06214
06250
06280
06317
06353
06565
06624
06667
06707
06753
06807
07015
07097
07214
07287
07387
07436
07537
07604
07681
07773
07869
07939
08004
08067
08143
08290
08448
08572
08714
08855
08940
08998
09041
09144
09238
09313
09382
09475
09552
09606
09709
09777
09867
09986
10257
10315
10383
10462
10589
10697
10797
10941
11054
11160
11260
11380
11507
11613
11712
11846
