00013
00068
00135
00198
00260
00344
00430
00515
00579
00654
00709
00802
00872
00920
00983
01056
01211
01352
01447
01499
01530
01567
01601
01635
01665
01717
01749
01789
01822
01862
01904
01954
02018
02091
02172
02245
02313
02352
02451
02519
02553
02606
02661
02720
02769
02845
02943
03061
03179
03255
03332
03402
03479
03538
03614
03874
04024
04088
04171
04229
04337
04484
04564
04624
04692
05027
05157
05220
05296
05377
05491
05633
05839
06144
06250
06317
06565
06667
06753
07015
07214
07387
07537
07681
07869
08004
08143
08448
08714
08940
09041
09238
09382
09552
09709
09867
10257
10383
10589
10797
11054
11260
11507
11712
